861.18359375
861.17578125
861.390625
861.38671875
860.73046875
860.68359375
861.41796875
860.14453125
859.8984375
861.01953125
860.359375
861.27734375
860.66796875
860.65234375
860.9375
860.67578125
861.16015625
860.65234375
860.4921875
861.25390625
860.80078125
862.015625
861.5
861.19140625
861.921875
861.7109375
861.1875
860.93359375
860.65234375
861.53125
860.9765625
862.40625
861.9375
860.71484375
861.62890625
861.3125
861.46875
860.87890625
860.71875
861.89453125
861.37109375
861.62890625
861.187523
861.7109375