536.05859375
536.03125
536.03125
536.81640625
535.53125
536.046875
535.77734375
535.52734375
537.296875
535.7734375
535.58203125
536.234375
536.44921875
537.54296875
535.4921875
536.0078125
535.765625
535.765625
536.2734375
535.82421875
535.35546875
535.75
535.78125
536.71484375
536.484375
535.4921875
535.5
535.46484375
537.04296875
536.48046875
535.2421875
536.015625
535.953125
536.21484375
535.7734375
535.765625
535.984375
536.015625
536.73046875
535.66796875
535.96875
536.21484375
535.72265625
537.3046875
